amdgpu-core=1:7.2.70201-2303469.24.04
comgr=3.0.0.70201-81~24.04
composablekernel-dev=1.2.0.70201-81~24.04
half=1.12.0.70201-81~24.04
hip-dev=7.2.53211.70201-81~24.04
hip-doc=7.2.53211.70201-81~24.04
hip-runtime-amd=7.2.53211.70201-81~24.04
hip-samples=7.2.53211.70201-81~24.04
hipblas=3.2.0.70201-81~24.04
hipblas-common-dev=1.4.0.70201-81~24.04
hipblas-dev=3.2.0.70201-81~24.04
hipblaslt=1.2.2.70201-81~24.04
hipblaslt-dev=1.2.2.70201-81~24.04
hipcc=1.1.1.70201-81~24.04
hipcub-dev=4.2.0.70201-81~24.04
hipfft=1.0.22.70201-81~24.04
hipfft-dev=1.0.22.70201-81~24.04
hipfort-dev=0.7.1.70201-81~24.04
hipify-clang=22.0.0.70201-81~24.04
hiprand=3.1.0.70201-81~24.04
hiprand-dev=3.1.0.70201-81~24.04
hipsolver=3.2.0.70201-81~24.04
hipsolver-dev=3.2.0.70201-81~24.04
hipsparse=4.2.0.70201-81~24.04
hipsparse-dev=4.2.0.70201-81~24.04
hipsparselt=0.2.6.70201-81~24.04
hipsparselt-dev=0.2.6.70201-81~24.04
hiptensor=2.2.0.70201-81~24.04
hiptensor-dev=2.2.0.70201-81~24.04
hsa-rocr=1.18.0.70201-81~24.04
hsa-rocr-dev=1.18.0.70201-81~24.04
libdrm-amdgpu-amdgpu1=1:2.4.125.70201-2303469.24.04
libdrm-amdgpu-common=1.0.0.70201-2303469.24.04
libdrm-amdgpu-dev=1:2.4.125.70201-2303469.24.04
libdrm-amdgpu-radeon1=1:2.4.125.70201-2303469.24.04
libdrm2-amdgpu=1:2.4.125.70201-2303469.24.04
miopen-hip=3.5.1.70201-81~24.04
miopen-hip-dev=3.5.1.70201-81~24.04
openmp-extras-runtime=20.70.0.70201-81~24.04
rccl=2.27.7.70201-81~24.04
rccl-dev=2.27.7.70201-81~24.04
rocalution=4.1.0.70201-81~24.04
rocalution-dev=4.1.0.70201-81~24.04
rocblas=5.2.0.70201-81~24.04
rocblas-dev=5.2.0.70201-81~24.04
rocfft=1.0.36.70201-81~24.04
rocfft-dev=1.0.36.70201-81~24.04
rocm-cmake=0.14.0.70201-81~24.04
rocm-core=7.2.1.70201-81~24.04
rocm-device-libs=1.0.0.70201-81~24.04
rocm-hip=7.2.1.70201-81~24.04
rocm-hip-libraries=7.2.1.70201-81~24.04
rocm-hip-runtime=7.2.1.70201-81~24.04
rocm-hip-runtime-dev=7.2.1.70201-81~24.04
rocm-hip-sdk=7.2.1.70201-81~24.04
rocm-language-runtime=7.2.1.70201-81~24.04
rocm-llvm=22.0.0.26084.70201-81~24.04
rocm-ml-libraries=7.2.1.70201-81~24.04
rocm-ml-sdk=7.2.1.70201-81~24.04
rocm-smi-lib=7.8.0.70201-81~24.04
rocminfo=1.0.0.70201-81~24.04
rocprim-dev=4.2.0.70201-81~24.04
rocprofiler-register=0.6.0.70201-81~24.04
rocrand=4.2.0.70201-81~24.04
rocrand-dev=4.2.0.70201-81~24.04
rocsolver=3.32.0.70201-81~24.04
rocsolver-dev=3.32.0.70201-81~24.04
rocsparse=4.2.0.70201-81~24.04
rocsparse-dev=4.2.0.70201-81~24.04
rocthrust-dev=4.2.0.70201-81~24.04
roctracer=4.1.70201.70201-81~24.04
rocwmma-dev=2.2.0.70201-81~24.04
